ID,RecipeID,Weight,HopID,StepID
4,9,17.5,19,2
5,1,27.5,19,3
6,1,17.5,83,2
7,1,17.5,83,3
8,1,17.5,44,3
9,2,20,19,1
10,2,20,19,2
11,2,27.5,19,3
12,2,47.5,19,4
13,2,12.5,2,1
14,2,12.5,2,2
15,2,12.5,2,3
16,2,37.5,2,4
17,2,12.5,59,3
18,2,37.5,59,4
19,2,12.5,45,3
20,2,20,45,4
21,2,37.5,13,4
22,2,10,3,4
23,3,25,3,1
24,3,12.5,3,2
25,3,50,3,3
26,3,12.5,10,3
27,4,14.300000000000001,21,1
28,4,21.399999999999999,21,3
29,4,14.300000000000001,82,1
30,4,21.399999999999999,82,3
31,4,21.399999999999999,13,3
32,5,12.5,13,1
33,5,25,13,3
34,5,25,19,3
35,5,12.5,44,3
36,5,12.5,57,1
37,6,75,21,1
38,6,25,21,2
39,6,25,57,3
40,6,25,31,3
43,9,25,3,1
44,9,20,59,3
45,9,25,3,3
46,9,20,83,3
47,9,50,59,4
48,9,50,3,4
50,9,20,84,3
52,1,17.5,2,1
53,1,15,19,1
55,8,75,21,1
56,8,25,21,2
57,8,25,57,3
58,8,25,31,3
59,10,2,45,1
60,10,5,45,3
61,10,2.5,3,3
62,12,15.5,85,1
63,12,10.199999999999999,85,1
64,12,6.0999999999999996,44,2
65,12,12.5,85,3
66,12,25,44,3
67,12,12.5,3,3
68,13,15,2,1
69,13,17.5,19,1
70,13,17.5,83,2
71,13,17.5,19,2
72,13,17.5,2,3
73,13,27.5,19,3
74,13,17.5,83,3
75,13,17.5,44,3
76,14,12.5,57,1
77,14,12.5,13,1
78,14,25,13,3
79,14,25,19,3
80,14,12.5,44,3
81,15,13.800000000000001,3,1
82,15,13.800000000000001,59,1
83,15,26.300000000000001,3,3
84,15,18.800000000000001,44,3
85,16,30,3,1
86,16,10,3,3
87,16,10,12,3
88,17,66.700000000000003,39,3
89,49,18.5,31,1
90,49,12.5,66,1
91,49,6.5,35,1
92,48,5,39,1
93,48,25,31,2
94,48,25,31,3
95,48,25,60,3
96,47,75,31,1
97,47,74,33,1
98,47,62.5,33,3
99,46,30,21,1
100,46,40,21,2
101,46,40,17,2
102,46,40,59,2
103,46,40,21,3
104,46,40,17,3
105,46,40,59,3
106,46,60,21,4
107,46,70,17,4
108,46,70,59,4
109,45,18.800000000000001,19,1
110,45,18.800000000000001,17,1
111,45,12.5,19,2
112,45,12.5,17,2
113,45,62.5,19,3
114,45,62.5,17,3
115,45,62.5,2,3
116,45,17.5,19,4
117,45,175,17,4
118,45,150,2,4
119,44,25,12,1
120,44,25,12,2
121,44,25,12,3
122,43,50,21,1
123,43,50,17,1
124,43,12.5,21,2
125,43,12.5,17,2
126,43,37.5,21,0
127,44,37.5,17,3
128,44,37.5,59,3
129,42,25,57,1
130,42,31.300000000000001,31,1
131,40,25,13,1
132,40,18.800000000000001,13,3
133,40,18.800000000000001,17,3
134,40,25,3,3
135,40,31.5,59,3
136,39,15,45,1
137,39,10,3,3
138,39,30,45,3
139,38,30.800000000000001,21,1
140,38,19.199999999999999,21,1
141,38,19.199999999999999,21,2
142,38,19.199999999999999,17,2
143,38,19.199999999999999,59,2
144,38,19.199999999999999,21,3
145,38,19.199999999999999,17,3
146,38,19.199999999999999,59,3
147,38,115.40000000000001,17,4
148,38,96.200000000000003,21,4
149,38,96.200000000000003,59,4
150,38,76.900000000000006,3,4
151,37,30.800000000000001,21,1
152,37,19.199999999999999,21,1
153,37,19.199999999999999,21,2
154,37,19.199999999999999,17,2
155,37,19.199999999999999,59,2
156,37,19.199999999999999,21,3
157,37,19.199999999999999,17,3
158,37,19.199999999999999,59,3
159,37,115.40000000000001,17,4
160,37,96.200000000000003,21,4
161,37,96.200000000000003,59,4
162,37,76.900000000000006,3,4
163,36,31.100000000000001,21,1
164,36,12.5,21,2
165,36,12.5,59,2
166,36,12.5,19,2
167,36,25,21,3
168,36,25,59,3
169,36,25,19,3
170,36,87.5,21,4
171,36,87.5,59,4
172,36,75,19,4
173,35,43.799999999999997,13,1
174,35,81.299999999999997,13,3
175,35,250,13,4
176,34,5,59,1
177,34,6.2999999999999998,3,1
178,34,2.5,59,2
179,34,5,3,2
180,34,5,44,2
181,34,12.5,59,3
182,34,12.5,3,3
183,34,12.5,44,3
184,34,12.5,59,4
185,34,12.5,3,4
186,34,12.5,44,4
187,33,6.2999999999999998,3,1
188,33,5,59,1
189,33,6.2999999999999998,17,1
190,33,6.2999999999999998,3,2
191,33,2.5,59,2
192,33,6.2999999999999998,17,2
193,33,5,3,3
194,33,5,59,3
195,33,12.5,13,3
196,33,12.5,2,3
197,33,50,17,4
198,33,50,13,4
199,33,25,2,4
200,33,25,59,4
201,33,37.5,21,4
202,32,12.5,39,1
203,32,31.300000000000001,86,1
204,32,12.5,39,2
205,32,12.5,86,3
206,32,25,17,3
207,32,25,3,3
208,31,17.5,2,1
209,31,15,19,1
210,31,17.5,83,2
211,31,17.5,19,2
212,31,17.5,2,3
213,31,27.5,19,3
214,31,17.5,83,3
215,31,17.5,44,3
216,31,30,19,4
217,30,37.5,19,1
218,30,37.5,82,1
219,30,37.5,19,2
220,30,37.5,82,2
221,30,25,82,3
222,30,25,31,3
223,30,25,19,3
224,29,37.5,19,1
225,29,37.5,82,1
226,29,37.5,19,2
227,29,37.5,82,2
228,29,25,82,3
229,29,25,31,3
230,29,25,19,3
231,28,37.5,19,1
232,28,37.5,82,1
233,28,37.5,19,2
234,28,37.5,82,2
235,28,25,82,3
236,28,25,31,3
237,28,25,19,3
238,27,2.5,13,1
239,27,2.5,3,1
240,27,2.5,45,2
241,27,12.5,3,3
242,27,12.5,45,3
243,27,25,59,4
244,27,50,13,4
245,27,25,2,4
246,27,12.5,45,4
247,27,50,17,4
248,27,25,3,4
249,26,75,17,1
250,26,25,17,2
251,26,25,21,2
252,26,18.800000000000001,17,3
253,26,18.800000000000001,21,3
254,26,18.800000000000001,82,3
255,26,18.800000000000001,59,3
256,25,146,31,1
257,25,47,24,2
258,25,46,33,2
259,25,62.5,10,3
260,25,104,24,4
261,24,37.5,36,1
262,24,25,36,2
263,24,37.5,78,2
264,24,25,57,3
265,23,100,45,1
266,23,100,45,3
267,22,25,19,1
268,22,25,82,1
269,22,25,82,3
270,22,25,31,3
271,21,31,21,1
272,21,19.5,21,1
273,21,19.5,21,2
274,21,19.5,17,2
275,21,19.5,59,2
276,21,19.5,21,3
277,21,19.5,17,3
278,21,19.5,59,3
279,21,115.5,17,4
280,21,96,21,4
281,21,96,59,4
282,21,77,3,4
283,20,12.5,45,1
284,20,25,45,2
285,20,50,45,3
286,19,18.75,31,1
287,19,25,31,3
288,19,16.25,60,3
289,18,27.199999999999999,13,1
290,18,27.199999999999999,13,3
291,16,,0,0
292,50,125,33,1
293,50,37.5,33,3
294,51,37.5,21,1
295,51,37.5,21,2
296,51,18.5,31,2
297,51,12.5,44,2
298,51,18.5,31,3
299,51,12.5,87,2
300,51,12.5,44,3
301,51,12.5,87,3
302,52,50,31,1
303,52,50,31,3
304,53,25,21,1
305,53,25,17,1
306,53,12.5,21,3
307,53,12.5,17,3
308,53,25,45,3
309,53,37.5,10,3
310,53,71.5,45,4
311,53,71.5,10,4
312,53,71.5,59,4
313,54,60,10,1
314,54,50,10,3
315,55,2.5,20,1
316,55,10,20,2
317,55,37.5,20,3
318,56,37.5,45,1
319,56,50,45,3
320,57,14.5,60,1
321,57,20,60,3
322,58,60,57,1
323,58,60,57,2
324,58,60,57,3
325,59,8.5,20,1
326,59,62.5,20,3
327,59,31.5,20,4
328,60,12.5,21,1
329,60,12.5,87,3
330,61,25,3,1
331,61,25,19,3
332,61,25,17,3
333,61,25,21,3
334,61,25,19,4
335,61,25,13,3
336,61,25,13,4
337,61,25,17,4
338,61,25,3,4
339,62,31.25,2,1
340,62,31.25,2,3
341,63,40,19,1
342,63,62.5,19,3
343,63,62.5,17,3
344,63,178,19,4
345,64,81.25,19,1
346,64,62.5,60,3
347,65,20,19,1
348,65,12.5,2,1
349,65,20,19,2
350,65,12.5,2,2
351,65,30,19,3
352,65,12.5,2,3
353,65,12.5,59,3
354,65,140,45,3
355,66,37.5,82,1
356,66,50,66,3
357,66,25,31,3
358,67,37.5,82,1
359,67,50,66,3
360,67,25,31,3
361,68,62.5,10,1
362,68,50,31,3
363,68,50,10,3
364,69,12.5,39,1
365,69,12.5,82,1
366,69,12.5,86,1
367,69,6.25,39,2
368,69,6.25,82,2
369,69,25,13,3
370,69,25,82,3
371,70,35,31,1
372,71,81.25,31,1
373,71,62.5,31,3
374,72,37.5,59,1
375,72,25,18,3
376,73,25,3,1
377,73,25,21,1
378,73,62.5,19,3
379,73,62.5,13,3
380,73,62.5,21,3
381,73,62.5,17,3
382,73,125,17,4
383,73,62.5,13,4
384,73,62.5,3,4
385,73,62.5,19,4
386,74,125,57,1
387,74,37.5,57,3
388,75,2.5,59,1
389,75,25,59,2
390,75,37.5,59,3
391,75,250,59,4
392,76,31.25,21,1
393,76,25,21,3
394,76,25,66,3
395,76,25,82,3
396,76,75,21,4
397,76,75,82,4
398,76,100,59,4
399,77,12.5,21,1
400,77,37.5,17,3
401,77,37.5,13,3
402,77,37.5,59,3
403,78,35.5,44,3
404,78,50,88,1
405,78,21.5,73,3
406,78,7,45,3
407,79,85,18,1
408,79,100,18,3
409,79,250,18,4
410,80,75.400000000000006,34,1
411,80,75.400000000000006,34,3
412,80,205,34,4
413,82,75,44,1
414,82,100,44,3
415,82,250,44,3
416,81,40,89,1
417,81,100,89,3
418,81,250,89,4
419,83,5,59,1
420,83,5,20,1
421,83,5,59,2
422,83,5,20,2
423,83,50,59,4
424,83,75,20,4
425,83,62.5,43,4
426,84,18.75,59,1
427,84,18.75,59,2
428,84,37.5,59,3
429,84,175,59,4
430,84,37.5,13,4
431,84,37.5,43,4
432,85,6.25,45,1
433,85,12.5,17,1
434,85,12.5,45,3
435,85,12.5,3,3
436,85,12.5,17,3
437,85,12.5,45,4
438,85,12.5,3,4
439,85,12.5,17,4
440,86,50,19,1
441,86,25,13,1
442,86,25,33,2
443,86,25,33,3
444,87,10,3,1
445,87,15,59,1
446,87,25,3,3
447,87,20,20,3
448,88,25,17,1
449,88,30,21,1
450,88,18.75,17,2
451,88,18.75,21,2
452,88,50,17,3
453,88,25,21,3
454,88,100,3,4
455,88,100,20,4
456,88,100,59,4
457,89,37.5,44,1
458,89,18.75,44,3
459,90,125,31,1
460,90,62.5,18,3
461,90,125,3,3
462,91,12.5,39,1
463,91,31.25,90,1
464,91,12.5,39,2
465,91,12.5,90,3
466,91,25,17,3
467,91,25,3,3
468,91,25,17,4
469,91,25,3,4
470,91,37.5,90,4
471,92,50,44,1
472,92,31.25,44,3
473,92,250,44,4
474,94,37.5,21,1
475,94,50,21,2
476,94,62.5,57,3
477,94,37.5,21,3
478,95,25,21,1
479,95,25,17,1
480,95,12.5,21,3
481,95,12.5,17,3
482,95,25,45,3
483,95,37.5,10,3
484,95,71.430000000000007,21,4
485,95,71.430000000000007,17,4
486,95,71.430000000000007,45,4
487,96,50,19,1
488,96,62.5,3,2
489,96,62.5,19,3
490,96,107.14,3,4
491,96,142.86000000000001,19,4
492,97,2.5,59,1
493,97,25,59,2
494,97,37.5,59,3
495,97,187.5,59,4
496,98,62.5,39,1
497,98,3125,66,3
498,98,31.25,31,3
499,103,12.5,17,1
500,103,6.25,59,2
501,103,7.5,13,2
502,103,7.5,3,2
503,103,6.25,59,3
504,103,7.5,13,3
505,103,7.5,3,3
506,103,25,59,4
507,103,25,13,4
508,103,25,17,4
509,103,25,3,4
510,115,2.5,92,1
511,115,2.5,3,2
512,115,2.5,45,2
513,115,2.5,44,2
514,115,6,59,3
515,115,6,20,3
516,115,6,92,3
517,124,8.5,39,1
518,129,18.5,31,1
519,129,12.5,66,1
520,129,6,36,1
521,130,5,17,1
522,130,5,3,1
523,130,10,17,2
524,130,10,3,2
525,130,17.5,17,3
526,130,17.5,3,3
527,131,5,17,1
528,131,5,3,1
529,131,10,17,2
530,131,10,3,2
531,131,17.5,17,3
532,131,17.5,3,3
533,132,5,17,1
534,132,5,3,1
535,132,10,17,2
536,132,10,3,2
537,132,17.5,17,3
538,132,17.5,3,3
539,135,12.5,91,1
540,135,12.5,10,2
541,135,12.5,18,2
542,136,2.5,17,1
543,136,2.5,3,1
544,136,12.5,17,2
545,136,12.5,3,2
546,136,25,17,3
547,136,150,3,4
548,136,125,17,4
549,137,25,39,1
550,137,12.5,66,2
551,137,12.5,3,2
552,137,25,66,3
553,137,25,3,3
554,137,125,3,4
555,137,125,66,4
556,138,2.5,21,1
557,138,3.5,21,2
558,138,6,17,2
559,138,18.5,21,3
560,138,18.5,17,3
561,138,100,21,4
562,138,100,17,4
563,138,100,13,4
564,143,18.5,31,1
565,143,12.5,66,2
566,143,6,36,2
567,149,5,21,1
568,149,7.5,21,2
569,149,12.5,2,2
570,149,37.5,2,3
571,149,125,2,4
572,149,125,21,4
573,155,25,59,3
574,155,25,3,3
575,159,25,2,1
576,159,25,2,3
577,162,2.5,13,1
578,165,6,13,1
579,162,12.5,17,2
580,162,17.5,59,2
581,162,17.5,59,3
582,162,17.5,20,3
583,162,75,59,4
584,162,75,13,4
585,162,75,17,4
586,162,25,20,4
587,163,7.5,13,1
588,163,5,17,2
589,163,5,20,2
590,163,17.5,59,3
591,163,62.5,13,4
592,163,62.5,17,4
593,163,62.5,59,4
594,163,12.5,20,4
595,165,6,13,2
596,165,12.5,57,2
597,165,12.5,87,2
598,168,10.4,21,1
599,168,8.3000000000000007,13,2
600,168,8.3000000000000007,3,2
601,168,12.5,13,3
602,168,125,3,3
603,168,20.800000000000001,17,3
604,168,75,17,4
605,168,75,13,4
606,168,100,3,4
607,169,12.5,19,1
608,169,37.5,3,3
609,169,25,19,3
610,169,37.5,43,3
611,169,62.5,3,4
612,169,62.5,19,4
613,169,62.5,43,4
614,170,2.5,17,1
615,170,25,3,1
616,170,10,17,2
617,170,12.5,3,2
618,170,12.5,3,3
619,170,100,17,4
620,170,87.5,3,4
621,174,7.5,82,1
622,174,12.5,10,2
623,174,25,66,3
624,174,25,17,3
625,174,62.5,17,4
626,174,62.5,66,4
627,186,7.5,20,1
628,186,5,3,1
629,186,7.5,20,2
630,186,5,3,2
631,186,7.5,20,3
632,186,7.5,60,3
633,186,7.5,43,3
634,189,12.5,19,1
635,189,37.5,3,3
636,189,25,19,3
637,189,37.5,43,3
638,189,62.5,3,4
639,189,62.5,19,4
640,189,62.5,43,4
641,199,6.5,60,1
642,199,6.5,60,3
643,199,6.5,43,3
644,199,6.5,3,3
645,202,2.5,19,1
646,202,37.5,3,3
647,202,25,19,3
648,202,37.5,43,3
649,202,62.5,3,4
650,202,62.5,19,4
651,202,62.5,43,4
652,43,,0,0
653,206,47,21,1
654,206,25,59,3
655,206,25,17,3
656,206,25,21,4
657,206,37.5,59,4
658,206,12.5,20,4
659,210,12.5,59,1
660,210,19,59,2
661,210,12.5,59,3
662,210,12.5,3,3
663,210,12.5,20,3
664,210,62.5,59,4
665,210,62.5,3,4
666,210,62.5,20,4
667,213,25,17,1
668,213,21.25,13,3
669,213,21.25,66,3
670,215,2.5,27,1
671,215,10,27,2
672,215,37.5,27,3
673,217,3.75,59,1
674,217,12.5,59,2
675,217,37.5,59,3
676,217,187.5,59,4
677,221,10,10,1
678,228,3.75,19,1
679,228,12.5,19,2
680,228,37.5,19,3
681,228,187.5,19,4
682,232,3.75,20,1
683,232,12.5,20,2
684,232,37.5,20,3
685,232,187.5,20,4
686,234,,0,0
687,234,3.75,93,1
688,234,10,93,2
689,234,37.5,93,3
690,234,187.5,93,4
691,239,20,17,1
692,239,20,13,2
693,239,40,3,5
694,239,25,13,4
695,239,25,3,4
696,241,7,10,1
697,241,15,3,5
698,247,10,93,1
699,247,49,93,2
700,247,150,93,3
701,247,150,93,4
702,249,40,13,3
703,249,40,93,3
704,254,10,10,1
705,254,10,31,1
706,254,5,31,2
707,11,37.5,13,3
708,11,37.5,31,2
709,11,25,31,1
710,11,37.5,33,2
711,11,25,33,1
712,41,15,181,3
713,41,25,57,1
714,41,15,117,3
715,93,5,98,4
716,93,10,136,4
717,93,25,180,4
718,99,25,13,2
719,99,75,13,1
720,99,25,108,7
721,99,25,108,3
722,99,25,125,7
723,99,25,125,3
724,99,15,165,7
725,100,75,3,4
726,100,10,3,3
727,100,100,13,4
728,100,10,13,3
729,100,1.25,13,1
730,100,10,17,3
731,100,75,19,4
732,100,10,19,3
733,101,11.5,13,2
734,101,19.25,124,3
735,101,11.5,31,3
736,101,11.5,33,2
737,101,11.5,39,1
738,102,250,3,4
739,102,37.5,3,3
740,102,25,3,2
741,102,20,3,1
742,104,30,10,1
743,104,25,165,3
744,104,15,57,3
745,104,15,57,2
746,104,12.5,59,3
747,104,12.5,59,2
748,105,125,111,4
749,105,37.5,111,3
750,105,25,111,2
751,105,2.5,111,1
752,106,125,25,4
753,106,37.5,25,3
754,106,12.5,25,2
755,106,3.75,25,1
756,107,125,113,4
757,107,37.5,113,3
758,107,25,113,2
759,107,37.5,113,1
760,108,125,92,4
761,108,37.5,92,3
762,108,20,92,2
763,108,2.5,92,1
764,109,12.5,3,3
765,109,6.25,3,1
766,109,12.5,13,3
767,109,6.25,13,1
768,109,7.5,17,3
769,109,5,17,2
770,109,7.5,19,3
771,109,5,19,2
772,111,62.5,60,1
773,111,25,66,3
774,112,12.5,10,3
775,112,12.5,18,3
776,112,12.5,64,1
777,113,18.75,87,3
778,113,6.25,87,2
779,113,5,39,2
780,113,7.5,39,1
781,113,18.75,57,3
782,113,6.25,57,2
783,114,62.5,17,3
784,114,5,17,2
785,114,100,19,4
786,114,62.5,19,3
787,114,5,19,2
788,114,20,19,1
789,116,10,31,3
790,116,25,31,1
791,116,10,33,3
792,116,25,33,1
793,116,250,146,2
794,116,375,151,2
795,117,15,96,10
796,117,5,3,3
797,117,6,3,2
798,117,5,13,3
799,117,6,13,2
800,117,12.5,39,1
801,117,10,44,1
802,117,25,165,10
803,117,25,179,10
804,117,5,66,3
805,118,25,13,1
806,118,50,19,1
807,118,12.5,124,1
808,118,12.5,124,6
809,118,25,33,1
810,118,25,33,6
811,119,12.5,3,3
812,119,5,3,2
813,119,2.5,3,1
814,119,8.5,129,8
815,119,62.5,146,5
816,119,20,45,3
817,119,5,45,2
818,119,2.5,172,2
819,120,100,44,4
820,120,20,44,3
821,120,10,44,2
822,120,20,44,1
823,120,87.5,45,4
824,120,20,45,3
825,120,10,45,2
826,120,20,45,1
827,121,15,18,4
828,121,5.5,131,2
829,121,15,82,4
830,121,2.5,82,2
831,121,10,156,4
832,121,5.5,44,1
833,121,2.5,97,2
834,121,20,45,4
835,121,7,90,1
836,122,12.5,12,3
837,122,12.5,12,2
838,122,12.5,129,5
839,122,125,146,5
840,122,25,152,5
841,122,25,44,1
842,122,25,168,5
843,122,3.5,173,5
844,122,12.5,57,3
845,122,12.5,57,2
846,123,12.5,91,3
847,123,12.5,91,2
848,123,25,91,1
849,123,7.5,138,5
850,123,10,140,5
851,123,25,154,5
852,123,25,97,3
853,123,25,97,2
854,125,10,31,1
855,125,75,57,1
856,126,20,105,3
857,126,187.5,43,4
858,126,37.5,43,3
859,126,37.5,43,2
860,126,12.5,43,1
861,127,125,13,4
862,127,25,13,3
863,127,25,13,2
864,127,125,19,4
865,127,25,19,3
866,127,25,19,2
867,127,50,19,1
868,127,125,20,4
869,127,25,20,3
870,127,25,20,2
871,128,37.5,107,3
872,128,6.2999999999999998,142,3
873,128,125,151,3
874,128,25,39,1
875,133,17.5,3,3
876,133,10,3,2
877,133,5,3,1
878,133,17.5,17,3
879,133,10,17,2
880,133,5,17,1
881,134,250,64,4
882,134,37.5,64,3
883,134,25,64,2
884,134,2.5,64,1
885,139,125,3,4
886,139,37.5,3,3
887,139,25,3,1
888,139,12.5,124,3
889,139,12.5,124,2
890,139,125,183,4
891,139,37.5,59,3
892,139,25,59,1
893,140,100,105,2
894,140,36,82,1
895,140,50,161,3
896,140,37.5,66,3
897,141,62.5,2,4
898,141,18.5,2,3
899,141,18.5,2,2
900,141,25,39,1
901,141,62.5,43,4
902,141,12.5,43,3
903,141,12.5,43,2
904,141,62.5,59,4
905,141,18.5,59,2
906,142,62.5,101,3
907,142,187.5,17,4
908,142,112.5,20,4
909,142,37.5,20,3
910,142,37.5,20,2
911,142,4,20,1
912,142,2.5,155,10
913,142,200,43,4
914,142,250,184,3
915,144,250,125,10
916,144,140,135,3
917,144,12.5,33,2
918,144,90,176,3
919,144,12.5,57,2
920,144,15,92,1
921,145,250,22,4
922,145,37.5,22,3
923,145,25,22,2
924,145,15,22,1
925,146,250,93,4
926,146,37.5,93,3
927,146,25,93,2
928,146,2.5,93,1
929,147,250,114,4
930,147,37.5,114,3
931,147,25,114,2
932,147,37.5,114,1
933,148,12.5,64,1
934,149,50,3,4
935,149,37.5,17,4
936,149,12.5,17,3
937,149,12.5,17,2
938,149,62.5,20,4
939,149,16.5,114,3
940,149,438,171,3
941,149,87.5,59,4
942,149,12.5,64,4
943,150,125,3,4
944,150,25,3,3
945,150,31,148,7
946,150,37.5,148,4
947,150,125,44,4
948,150,12.5,44,3
949,150,50,44,1
950,151,57.5,3,4
951,151,19,3,3
952,151,19,3,2
953,151,250,104,3
954,151,57.5,17,4
955,151,19,36,1
956,151,3.8999999999999999,154,3
957,151,28.5,44,3
958,151,19,44,2
959,151,9.5,44,1
960,151,7.7000000000000002,170,3
961,151,57.5,59,4
962,152,25,13,1
963,152,50,19,1
964,152,12.5,124,3
965,152,12.5,124,2
966,152,25,33,3
967,152,25,33,2
968,153,12.5,91,1
969,153,62.5,17,4
970,153,12.5,17,3
971,153,12.5,18,1
972,153,62.5,20,4
973,153,12.5,20,3
974,153,25,22,4
975,153,12.5,22,2
976,153,37.5,112,4
977,153,12.5,112,2
978,153,375,182,3
979,153,62.5,59,4
980,153,12.5,59,3
981,154,37.5,145,10
982,154,12.5,44,3
983,154,12.5,44,2
984,154,5,44,1
985,155,25,3,3
986,155,1,109,3
987,155,0.5,134,3
988,155,5,140,3
989,155,5,173,3
990,155,25,59,3
991,156,200,17,4
992,156,25,17,2
993,156,75,17,1
994,156,150,20,4
995,156,25,20,3
996,156,200,59,4
997,156,25,59,3
998,156,25,59,2
999,157,12.5,36,2
1000,157,75,74,4
1001,157,37.5,52,4
1002,157,37.5,52,3
1003,157,12.5,57,1
1004,158,19,82,2
1005,158,11.5,36,2
1006,158,7.5,36,1
1007,160,38.5,110,3
1008,160,77,17,3
1009,160,19,17,2
1010,160,38.5,17,1
1011,161,100,13,4
1012,161,25,13,3
1013,161,12.5,13,2
1014,161,87.5,17,4
1015,161,25,17,1
1016,161,112.5,20,4
1017,161,12.5,20,3
1018,161,12.5,20,2
1019,161,87.5,59,4
1020,161,25,59,3
1021,164,5,21,1
1022,164,12.5,87,1
1023,164,12.5,57,3
1024,166,25,124,3
1025,166,25,124,3
1026,166,20,21,1
1027,166,250,135,3
1028,166,50,66,3
1029,167,137.5,3,4
1030,167,18.5,3,3
1031,167,6,3,2
1032,167,12.5,3,1
1033,167,87.5,13,4
1034,167,12.5,13,3
1035,167,12.5,13,2
1036,167,12.5,13,1
1037,167,100,20,4
1038,167,12.5,20,3
1039,167,6,20,2
1040,167,6,20,1
1041,167,250,193,10
1042,171,12.5,125,3
1043,171,31.25,31,3
1044,171,125,151,10
1045,171,62.5,39,1
1046,171,31.25,66,3
1047,172,25,108,3
1048,172,20,123,3
1049,172,50,123,10
1050,172,12.5,82,1
1051,172,375,151,3
1052,173,100,3,4
1053,173,37.5,3,3
1054,173,100,17,4
1055,173,37.5,17,3
1056,173,100,20,4
1057,173,37.5,20,3
1058,173,10,21,1
1059,175,17.5,3,3
1060,175,17.5,3,2
1061,175,17.5,3,1
1062,175,17.5,20,3
1063,175,17.5,20,2
1064,175,17.5,20,1
1065,175,2.5,147,3
1066,175,22.5,45,3
1067,175,17.5,59,3
1068,175,17.5,59,2
1069,175,17.5,59,1
1070,176,5,31,3
1071,176,10,31,1
1072,176,10,82,3
1073,176,10,82,1
1074,176,5,44,3
1075,176,10,44,1
1076,177,70,10,4
1077,177,75,10,3
1078,177,75,10,2
1079,177,75,17,3
1080,177,25,17,2
1081,177,25,17,1
1082,177,27.5,121,3
1083,177,75,21,3
1084,177,25,21,2
1085,177,25,21,1
1086,177,70,45,4
1087,177,75,45,3
1088,177,75,45,2
1089,177,70,59,4
1090,178,41.5,19,3
1091,178,41.5,19,2
1092,178,13.5,19,1
1093,179,41.5,70,3
1094,179,41.5,70,2
1095,179,2.5,70,1
1096,180,41.5,42,3
1097,180,41.5,42,2
1098,180,41.5,42,1
1099,181,41.5,55,3
1100,181,41.5,55,2
1101,181,41.5,55,1
1102,182,62.5,3,4
1103,182,25,3,3
1104,182,12.5,3,2
1105,182,62.5,20,4
1106,182,25,20,3
1107,182,25,21,1
1108,182,62.5,43,4
1109,182,25,43,3
1110,182,62.5,59,4
1111,182,25,59,3
1112,182,12.5,59,2
1113,183,7.5,2,3
1114,183,7.5,2,2
1115,183,7.5,2,1
1116,183,5,19,3
1117,183,5,19,2
1118,183,20,133,7
1119,183,500,162,7
1120,183,6,45,3
1121,183,12.5,59,3
1122,184,10,70,4
1123,184,17.5,70,3
1124,184,17.5,70,2
1125,184,17.5,70,1
1126,184,10,82,4
1127,184,17.5,82,3
1128,184,17.5,82,2
1129,184,17.5,82,1
1130,184,2.5,147,3
1131,184,10,59,4
1132,184,17.5,60,3
1133,184,17.5,60,2
1134,184,17.5,60,1
1135,185,5,174,7
1136,185,1.5,60,4
1137,185,10,60,3
1138,185,10,60,2
1139,185,15,60,1
1140,187,1.5,3,4
1141,187,5,3,3
1142,187,8.5,3,1
1143,187,1.5,20,4
1144,187,5,20,3
1145,187,8.5,20,1
1146,187,1.5,59,4
1147,187,5,59,3
1148,187,8.5,59,1
1149,188,3.5,20,1
1150,188,1.5,60,1
1151,190,38.5,17,4
1152,190,19,17,3
1153,190,19,17,2
1154,190,38.5,21,1
1155,190,19,72,1
1156,190,38.5,165,10
1157,190,38.5,59,4
1158,190,19,59,3
1159,190,19,59,2
1160,190,0,191,10
1161,190,38.5,66,4
1162,190,19,66,3
1163,191,0,118,10
1164,191,50,19,1
1165,191,25,126,3
1166,191,25,33,3
1167,191,25,33,2
1168,191,1.5,139,3
1169,191,1250,146,3
1170,191,25,66,3
1171,192,12.5,10,2
1172,192,12.5,10,1
1173,192,500,151,2
1174,192,25,60,3
1175,192,12.5,60,2
1176,192,25,66,3
1177,193,25,42,3
1178,193,7.5,42,1
1179,193,25,116,3
1180,193,7.5,116,1
1181,194,62.5,106,10
1182,194,50,10,4
1183,194,12.5,10,3
1184,194,50,17,4
1185,194,12.5,17,2
1186,194,6,18,1
1187,194,50,20,4
1188,194,12.5,20,3
1189,194,10,20,2
1190,194,2.5,20,1
1191,194,25,121,3
1192,194,25,156,3
1193,194,50,43,4
1194,194,12.5,43,3
1195,194,12.5,45,4
1196,194,62.5,181,10
1197,194,12.5,59,4
1198,195,65,100,10
1199,195,65,102,10
1200,195,65,105,10
1201,195,50,10,4
1202,195,12.5,10,3
1203,195,50,17,4
1204,195,12.5,17,2
1205,195,6,18,1
1206,195,50,20,4
1207,195,12.5,20,3
1208,195,10,20,2
1209,195,2.5,20,1
1210,195,65,130,10
1211,195,50,43,4
1212,195,12.5,43,3
1213,195,12.5,45,4
1214,195,65,181,10
1215,195,12.5,59,4
1216,195,65,183,10
1217,195,65,186,10
1218,196,15,3,3
1219,196,7.5,3,1
1220,196,5,160,10
1221,196,15,60,3
1222,196,7.5,60,1
1223,197,25,87,3
1224,197,25,39,1
1225,198,2.5,95,3
1226,198,2.5,120,3
1227,198,2.5,122,3
1228,198,12.5,31,2
1229,198,2.5,138,3
1230,198,2.5,140,3
1231,198,2.5,39,1
1232,198,2.5,164,3
1233,198,375,175,3
1234,198,1.5,184,3
1235,198,12.5,66,2
1236,200,1,163,7
1237,200,25,20,3
1238,200,12.5,20,2
1239,200,12.5,20,1
1240,200,50,137,3
1241,200,6.5,140,3
1242,201,7.5,3,3
1243,201,5,3,1
1244,201,7.5,20,3
1245,201,5,20,1
1246,201,1000,169,10
1247,203,50,13,4
1248,203,12.5,13,2
1249,203,50,149,3
1250,203,50,43,4
1251,203,2.5,43,1
1252,204,12.5,3,3
1253,204,12.5,3,2
1254,204,10,39,1
1255,204,12.5,59,3
1256,204,12.5,59,2
1257,205,63,3,4
1258,205,25,3,3
1259,205,2.5,19,1
1260,205,63,20,4
1261,205,25,20,3
1262,205,12.5,43,3
1263,205,63,59,4
1264,205,12.5,59,3
1265,207,37.5,19,3
1266,207,100,19,10
1267,207,25,19,2
1268,207,18.75,20,3
1269,207,75,20,10
1270,207,6.25,20,2
1271,207,12.5,39,1
1272,208,10,10,2
1273,208,0,177,2
1274,208,0,178,7
1275,211,50,3,4
1276,211,12.5,3,3
1277,211,12.5,3,2
1278,211,0,141,10
1279,211,50,20,4
1280,211,25,20,3
1281,211,0,170,10
1282,211,2.5,39,1
1283,211,25,43,3
1284,211,50,59,4
1285,211,12.5,59,3
1286,211,12.5,59,2
1287,212,10,10,2
1288,212,50,66,2
1289,212,200,194,10
1290,216,12.5,39,1
1291,216,6.2999999999999998,60,2
1292,218,1600,94,10
1293,218,11,20,2
1294,218,100,3,2
1295,218,36,39,1
1296,218,100,166,10
1297,219,100,3,4
1298,219,50,17,3
1299,219,18.75,17,2
1300,219,25,17,1
1301,219,100,20,4
1302,219,25,21,3
1303,219,18.75,21,2
1304,219,30,127,1
1305,219,100,59,4
1306,220,4,39,1
1307,220,10,53,3
1308,220,20,53,2
1309,222,25,19,1
1310,222,25,126,3
1311,222,1.25,139,3
1312,222,5,143,10
1313,222,1250,146,3
1314,222,3,153,10
1315,222,50,60,1
1316,223,12.5,10,2
1317,223,12.5,10,1
1318,223,500,151,2
1319,223,25,60,3
1320,223,12.5,60,2
1321,223,25,66,3
1322,224,60,124,2
1323,224,10.199999999999999,39,1
1324,225,37.5,19,3
1325,225,100,19,10
1326,225,25,19,2
1327,225,18.75,20,3
1328,225,75,20,10
1329,225,6.25,20,2
1330,225,12.5,39,1
1331,226,5,39,1
1332,226,12.5,53,3
1333,226,25,53,2
1334,227,20,21,2
1335,227,60,21,1
1336,227,20,31,3
1337,227,20,57,3
1338,229,50,3,4
1339,229,25,3,3
1340,229,50,20,4
1341,229,25,20,3
1342,229,10,21,1
1343,229,50,43,4
1344,229,25,43,3
1345,229,5,165,10
1346,229,50,59,4
1347,229,25,59,3
1348,229,250,183,10
1349,230,13,17,2
1350,230,25,17,1
1351,230,25,20,3
1352,230,13,21,2
1353,230,1,129,3
1354,230,6,144,3
1355,230,250,159,10
1356,230,38,43,3
1357,231,100,3,4
1358,231,50,17,3
1359,231,18.75,17,2
1360,231,25,17,1
1361,231,100,20,4
1362,231,30,127,1
1363,231,25,21,3
1364,231,18.75,21,2
1365,231,100,59,4
1366,233,100,3,4
1367,233,50,17,3
1368,233,18.75,17,2
1369,233,25,17,1
1370,233,2.5,119,1
1371,233,100,20,4
1372,233,30,127,1
1373,233,25,21,3
1374,233,18.75,21,2
1375,233,0,192,10
1376,233,100,59,4
1377,235,100,3,4
1378,235,50,17,3
1379,235,18.75,17,2
1380,235,25,17,1
1381,235,100,20,4
1382,235,30,127,1
1383,235,25,21,3
1384,235,18.75,21,2
1385,235,100,59,4
1386,236,20,19,1
1387,236,20,39,1
1388,237,10,53,2
1389,237,10,53,1
1390,238,5,17,9
1391,238,2,20,5
1392,238,4,129,5
1393,238,1,17,6
1394,238,1,21,6
1395,238,0,153,7
1396,238,500,158,7
1397,238,3,43,5
1398,240,10,146,6
1399,240,12,154,6
1400,240,6,53,6
1401,241,15,3,5
1402,241,7,10,6
1403,241,4,128,6
1404,241,2,172,6
1405,242,30,10,4
1406,242,6,10,3
1407,242,6,10,2
1408,242,6,17,3
1409,242,5,17,2
1410,242,8,17,1
1411,242,60,20,4
1412,242,6,21,3
1413,242,5,21,2
1414,242,8,21,1
1415,242,30,27,4
1416,242,5,27,3
1417,242,5,27,2
1418,242,0,121,7
1419,243,100,13,3
1420,243,10,13,11
1421,243,15,13,2
1422,243,30,13,1
1423,243,100,45,3
1424,243,10,45,11
1425,243,15,45,2
1426,243,15,45,1
1427,244,6,10,1
1428,244,20,128,1
1429,244,400,150,1
1430,244,155,170,1
1431,245,200,103,10
1432,245,40,10,2
1433,245,40,82,1
1434,245,0,157,10
1435,246,0.67000000000000004,4,4
1436,246,26.670000000000002,4,1
1437,246,13.33,17,3
1438,246,13.33,17,2
1439,246,1.3300000000000001,59,4
1440,246,13.33,59,3
1441,248,400,135,10
1442,248,30,82,1
1443,248,0,190,10
1444,248,40,188,10
1445,249,0,158,7
1446,249,0,175,7
1447,250,100,3,4
1448,250,50,17,3
1449,250,18.75,17,2
1450,250,25,17,1
1451,250,100,20,4
1452,250,30,127,1
1453,250,25,21,3
1454,250,18.75,21,2
1455,250,100,59,4
1456,251,15,17,6
1457,251,40,17,3
1458,251,50,17,5
1459,251,10,20,4
1460,251,15,21,6
1461,251,10,21,4
1462,251,25,21,5
1463,252,0,132,10
1464,252,22,60,3
1465,252,22,60,1
1466,253,5,39,1
1467,253,10,115,3
1468,253,10,115,1
1469,255,20,42,3
1470,255,7,36,1
1471,255,5,53,1
1472,256,40,42,2
1473,256,20,42,1
1474,256,20,99,3
1475,256,10,139,3
1476,256,40,167,3
1477,256,20,173,3
1478,257,30,3,3
1479,257,50,3,10
1480,257,20,19,3
1481,257,50,20,10
1482,257,50,43,10
1483,257,30,59,3
1484,257,50,59,10
1485,257,1,19,2
1486,258,20,108,10
1487,258,20,124,10
1488,258,10,39,1
1489,258,4,189,10
1490,259,20,21,2
1491,259,60,21,1
1492,259,20,31,3
1493,259,20,57,3
1494,260,10,31,1
1495,260,7,36,3
1496,260,20,36,1
1497,260,2,39,1
1498,260,20,187,5
1499,261,83,20,10
1500,261,83,43,10
1501,261,33,43,5
1502,262,25,108,3
1503,262,25,124,3
1504,262,262.5,151,2
1505,262,37.5,39,1
1506,262,25,190,3
1507,263,30,3,3
1508,263,50,3,10
1509,263,20,19,3
1510,263,50,20,10
1511,263,50,43,10
1512,263,30,59,3
1513,263,50,59,10
1514,263,1,19,2
