Source2,Number,Name,YeastID,ID,ABV,IBU,OG,FG,EBC,HasAdjucts,MashTemp,MashTime,Fermentation
DiyDog,1,Punk IPA 2007,1,1,6,60,1056,1010,17,N,65,75,19
DiyDog,2,Punk IPA 2010,35,2,5.5999999999999996,40,1053,1011,15,N,66,75,19
DiyDog,3,The Physics,35,3,5,47,1048.5,1011,65,N,65,75,19
DiyDog,4,Riptide,16,4,8,45,1075,1014,240,Y,65,75,20
DiyDog,5,Hop Rocker,42,5,5.5,40,1052,1010,25,N,65,75,10
DiyDog,5,Paradox Islay,16,6,10,55,1090,1014,300,Y,65,90,21
DiyDog,7,Paradox Jura,16,8,10,55,1128,1014,300,Y,65,75,19
DiyDog,8,Peroxide Punk,35,9,4,40,1039,1009,18,N,65,75,19
DiyDog,9,Hype,16,10,4.0999999999999996,65,1042,1010,17,N,65,75,19
DiyDog,10,Buzz,35,11,4.5,60,1044,1010,20,N,64,75,19
DiyDog,11,Edge,35,12,2.7000000000000002,36,1033,1010,57,N,65,75,19
DiyDog,12,Storm,35,13,8,60,1082,1010,12,y,65,75,19
DiyDog,13,Cult Lager,42,14,5.4000000000000004,50,1049,1008,19,N,65,75,10
DiyDog,14,Trashy Blonde,35,15,4.0999999999999996,41.5,1041.7,1010,15,N,69,75,18
DiyDog,15,Original Dogma,35,16,7.7999999999999998,60,1071.3,1012,31,Y,64,75,21
DiyDog,16,AB:03,35,17,10.5,14,1093,1013,,Y,65,90,19
DiyDog,17,Zeitgeist,42,18,4.9000000000000004,32,1047.5,1010,120,N,65,75,15
DiyDog,18,Bad Pixie,35,19,4.7000000000000002,45,1047,1010,8,Y,67,75,19
DiyDog,19,Chaos Theory,35,20,7.0999999999999996,90,1067,1013,15,,65,75,19
DiyDog,20,Zephyr,16,21,12.5,125,1087,1016,40,Y,65,75,21
DiyDog,21,Coffee Imperial Stout,35,22,9,65,1080,1019,97,Y,64,90,19
DiyDog,22,Devine Rebel,35,23,12.5,100,1093,1030,36,,65,90,19
DiyDog,22,77 Lager,49,24,4.9000000000000004,30,1047,1009,12,N,65,75,10
DiyDog,24,Atlantic IPA,35,25,8,80,1074,1013,55,,65,75,19
DiyDog,25,How to Disappear Completely,18,26,3.5,198,1037,1010,37,N,65,75,19
DiyDog,26,5AM Saint,35,27,5,30,1050,1012,60,N,62,75,19
DiyDog,27,Tokyo Rising Sun Highland,50,28,13.199999999999999,85,1125,1023,140,Y,65,75,21
DiyDog,28,Tokya Rising Sun - Lowland,50,29,13.199999999999999,85,1125,1023,140,Y,65,75,21
DiyDog,29,Tokyo,50,30,16.5,85,1157,1028,250,Y,65,75,21
DiyDog,30,Punk Monk,18,31,6,60,1056,1010,17,N,65,75,19
DiyDog,31,Bashah,18,32,9.6999999999999993,100,1088,1015,30,,65,75,19
DiyDog,32,Nanny State,35,33,0.5,55,1007,1005,30,N,65,30,19
DiyDog,34,Eurotrash,18,34,4.0999999999999996,52,1041,1010,17,N,66,90,19
DiyDog,35,Movember,35,35,4.5,50,1047,1012,140,N,68,50,19
DiyDog,36,Black Dog,35,36,5.5,60,1062,1020,230,N,68,90,19
DiyDog,37,Hardcore IPA,16,37,9.1999999999999993,125,1085,1016,40,,65,75,21
DiyDog,38,Sink The Bismarck,16,38,41,0,1085,1016,40,,65,75,21
DiyDog,39,Alpha Dog,35,39,4.5,42,1046,1012,62,N,65,25,22
DiyDog,40,Skull Candy,35,40,3.5,33,1038,1012,50,N,65,75,19
DiyDog,41,AB:01,0,41,10.199999999999999,20,1095,1018,16,Y,63,90,22
DiyDog,42,AB:07,42,42,12.5,30,1106,1020,84,Y,65,105,11
DiyDog,43,Prototype 27,16,43,9.1999999999999993,149,1083,1014,20,,65,90,19
DiyDog,44,TM10,4,44,5.5,20,1048,1005,14,N,63,75,22
DiyDog,45,AB:02,16,45,18,70,1150,1010,57,Y,65,75,22
DiyDog,46,HardKogt IPA,16,46,7.5,175,1072,1014,40,,63,75,21
DiyDog,47,AB:04,16,47,15,80,1113,1018,400,Y,63,90,21
DiyDog,48,Alice Porter,35,48,5.2000000000000002,55,1053,1013,165,Y,66,75,19
DiyDog,49,Santa Paws,35,49,4.5,35,1048,1013,44,Y,65,90,19
DiyDog,50,AB:09,0,50,11.6,77,1110,1022,265,,65,120,21
DiyDog,51,Black Tokyo Horizon,17,51,17.199999999999999,75,1156,1030,128,Y,65,90,19
DiyDog,52,AB:05,18,52,12.5,40,1126,1030,180,Y,65,75,22
DiyDog,53,Hello My Name is Ingrid,16,53,8.1999999999999993,42,1078,1013,70,,65,75,19
DiyDog,54,Bramling X,35,54,7.5,75,1068,1013,22,,65,75,19
DiyDog,55,Citra,35,55,7.5,70,1068,1013,30,,65,75,19
DiyDog,56,Nelson Sauvin,35,56,7.5,75,1068,1013,30,,65,75,19
DiyDog,57,Sorachi Ace,35,57,7.5,75,1068,1013,30,,65,75,19
DiyDog,58,Avery Brown Dredge,49,58,7.2000000000000002,59,1069,1027,10,,66,70,10
DiyDog,59,Growler,49,59,4.5,38,1042.9000000000001,1008,18,N,65,75,10
DiyDog,60,Rabiator,40,60,10.27,26,1092,1014,24,,64,60,21
DiyDog,61,AB:06,16,61,11.199999999999999,150,1098,1013,70,Y,65,90,17
DiyDog,62,Juniper Wheat Beer,51,62,5,40,1047,1008,15,Y,64,75,17
DiyDog,64,Hops Kill Nazis,16,63,7.5999999999999996,70,1073,1015,59,,68,75,20
DiyDog,65,Mr Myagi's Wasabi Stout,16,64,7.5,90,1072,1015,200,Y,65,75,21
DiyDog,66,Sunk Punk,49,65,7.0999999999999996,68,1056,1010,14,Y,65,75,10
DiyDog,67,AB:10,16,66,11.5,80,1096,1020,115,,69,45,20
DiyDog,68,AB:18,16,67,11.800000000000001,80,1096,1020,115,Y,69,45,20
DiyDog,69,Old World India Pale Ale,16,68,7.5,80,1069,1012,50,,65,75,22
DiyDog,70,Old World Russian Imperial Stout,16,69,9.5,80,1075,1014,195,,64,19,19
DiyDog,71,Lost Dog,16,70,10,35,1080,1012,80,Y,65,75,19
DiyDog,72,AB:08,16,71,10.43,65,1095,1016,23,Y,65,75,21
DiyDog,72,Sunmaid Stout,16,72,10.199999999999999,50,1102,1026,197,,65,55,21
DiyDog,74,Shareholder Black IPA,35,73,7.0999999999999996,80,1067,1014,71,Y,66,90,19
DiyDog,75,AB:13,16,74,11.300000000000001,50,1098,1020,164,Y,65,75,20
DiyDog,76,Simcoe,35,75,6.7000000000000002,70,1063,1012,30,,65,75,19
DiyDog,77,Libertine Porter,35,76,6.0999999999999996,45,1067,1020,219,N,68,35,18
DiyDog,78,Mixtape 8,18,77,14.5,50,1093,1014,40,Y,65,40,21
DiyDog,79,Bitch Please,16,78,11.5,50,1104,1016,38,Y,65,75,21
DiyDog,80,Challenger,35,79,6.7000000000000002,67,1064,1013,19,,68,75,19
DiyDog,81,Galaxy,35,80,6.7000000000000002,67,1064,1013,19,,65,75,19
DiyDog,82,HBC 369,35,81,6.7000000000000002,67,1064,1013,19,,65,75,19
DiyDog,83,Motueka,35,82,6.7000000000000002,67,1064,1013,19,,65,75,19
DiyDog,84,Dead Pony Club,35,83,3.7999999999999998,35,1040,1012,25,N,62,75,19
DiyDog,85,Libertine Black Ace,16,84,7.2000000000000002,50,1068,1013,76,,65,75,19
DiyDog,86,Anarchist Alchemist,16,85,16.5,20.5,1112,1000,20,,65,75,20
DiyDog,87,Dog A,16,86,15,90,1120,1003,100,Y,65,90,19
DiyDog,88,Hunter Foundation Pale Ale,35,87,5.4000000000000004,35,1050,1008,12,N,63,75,19
DiyDog,90,Jackhammer,16,88,7.2000000000000002,250,1065,1010,15,,65,75,21
DiyDog,91,Never Mind The Anabolics,35,89,6.5,35,1050,1012,23,Y,68,30,18
DiyDog,92,San Diego Scotch Ale,16,90,9,70,1090,1018,190,Y,65,50,21
DiyDog,93,AB:12,18,91,11.199999999999999,35,1108,1017,80,Y,69,105,21
DiyDog,94,Whote Noise,12,92,6.7999999999999998,50,1060,1012,30,Y,67,30,18
DiyDog,95,International Arms Race,35,93,7.5,0,1069,1013,50,Y,69,75,19
DiyDog,96,AB:11,16,94,12.800000000000001,70,1108,1020,79,Y,68,40,18
DiyDog,97,Hello My Name Is Beastie,16,95,8.1999999999999993,42,1078,1013,90,Y,64,90,21
DiyDog,98,Dog Fight,16,96,8.5,65,1078,1012,31,,65,50,18
DiyDog,99,Hoppy Christmas,35,97,7.2000000000000002,70,1067,1012,30,,65,75,19
DiyDog,100,Black Eyed King Imp,16,98,9.5,85,1095,1022,250,Y,65,50,18
DiyDog,101,Cocoa Pyshco,16,99,10,85,1098,1012,296,Y,65,75,21
DiyDog,102,Nuns with Guns,49,100,4.2000000000000002,25,1044,1012,19,N,70,75,16
DiyDog,103,Catherine's Pony,16,101,8.8000000000000007,40,1084,1017,190,Y,67,75,21
DiyDog,104,Amarillo,35,102,7.2000000000000002,70,1067,1012,39,,65,75,19
DiyDog,105,Lichtenstein Pale Ale,35,103,5.2000000000000002,50,1050,1010,17,N,65,75,19
DiyDog,106,AB:14,11,104,10,30,1094,1016,20,Y,65,120,23
DiyDog,107,Dana,35,105,6.7000000000000002,70,1066,1015,30,,65,75,19
DiyDog,108,El Dorado,35,106,6.7000000000000002,70,1066,1015,30,,65,75,19
DiyDog,109,Goldings,35,107,6.7000000000000002,70,1066,1015,30,,65,75,19
DiyDog,110,Waimea,35,108,6.7000000000000002,70,1066,1015,30,,65,75,19
DiyDog,111,Vagabond Pilsner,49,109,4.5,55,1046,1012,25,N,65,75,9
DiyDog,112,AB:15,16,111,12.800000000000001,50,1096,1020,111,Y,68,75,21
DiyDog,113,BRACKEN'S PORTER,35,112,5,50,1049,1010,110,Y,65,75,19
DiyDog,114,FAKE LAGER,49,113,4.7000000000000002,40,1046,1010,12,N,65,75,10
DiyDog,115,10 HEADS HIGH,16,114,7.7999999999999998,70,1074,1015,90,,65,75,18
DiyDog,116,VICE BIER,11,115,4.2999999999999998,25,1043,1010,30,N,65,75,22
DiyDog,117,MISSPENT YOUTH,35,116,7.2999999999999998,30,1079,1020,120,Y,67,75,19
DiyDog,118,#MASHTAG 2013,16,117,7.5,50,1070,1013,40,Y,65,90,21
DiyDog,119,DOG B,35,118,15,90,1120,1003,100,Y,65,90,19
DiyDog,120,ELECTRIC INDIA,52,119,5.2000000000000002,38,1045,1005,15,Y,65,75,22
DiyDog,121,DOG WIRED (W/8 WIRED),49,120,7.0999999999999996,65,1065,1010,13,,64,90,9
DiyDog,122,HELLO MY NAME IS METTE-MARIT,35,121,8.1999999999999993,70,1076,1013,0,Y,66,90,19
DiyDog,123,EVERYDAY ANARCHY,52,122,10.5,45,1081,1005,15,Y,65,75,23
DiyDog,124,BLACK JACQUES,52,123,11.1,45,1089,1005,15,Y,65,90,23
DiyDog,125,BLITZ BERLINER WEISSE,35,124,3,8,1040,1007,9,N,65,60,19
DiyDog,126,DOGMA,49,125,7.5,30,1080,1025,46,Y,65,75,12
DiyDog,127,HELLO MY NAME IS SONJA (W/EVIL TWIN),16,126,8.3000000000000007,70,1076,1013,30,,65,75,21
DiyDog,128,SHIPWRECKER CIRCUS (W/OSKAR BLUES),16,127,10.5,85,1102,1022,64,,65,75,21
DiyDog,129,DEAD METAPHOR,35,128,6.7999999999999998,30,1068,1016,86,Y,64,75,19
DiyDog,130,BABY DOGMA,35,129,4.5,35,1048,1013,40,N,66,75,19
DiyDog,131,UNLEASH THE YEAST – AMERICAN ALE,16,130,6.2999999999999998,55,1060,1012,30,N,65,75,19
DiyDog,132,UNLEASH THE YEAST – BAVARIAN WEIZEN,6,131,6.2999999999999998,55,1060,1012,30,N,65,75,22
DiyDog,133,UNLEASH THE YEAST – BELGIAN TRAPPIST,21,132,6.2999999999999998,55,1060,1012,30,N,65,75,25
DiyDog,134,UNLEASH THE YEAST – PILSEN LAGER,49,133,6.2999999999999998,55,1060,1012,30,N,65,75,9
DiyDog,135,VIC SECRET,35,134,7.4000000000000004,70,1069,1012,30,,65,75,19
DiyDog,136,BRIXTON PORTER,35,135,5,50,1053,1014,200,N,65,75,19
DiyDog,137,PROTOTYPE CHALLENGE – HOBO POP,35,136,4.2000000000000002,50,1042,1010,30,N,65,75,19
DiyDog,138,PROTOTYPE CHALLENGE – INTERSTELLAR,35,137,6.5,55,1059,1011,50,N,65,75,19
DiyDog,139,PROTOTYPE CHALLENGE – MOSHI MOSHI 15,35,138,5.2000000000000002,45,1048,1011,35,N,65,75,19
DiyDog,140,BLACK EYE JOE (W/STONE BREWING CO),35,139,5.7999999999999998,40,1053,1008,177,Y,65,75,19
DiyDog,141,LUMBERJACK STOUT,16,140,15.199999999999999,20,1110,1020,158,Y,65,105,21
DiyDog,142,CLOWN KING,16,141,12,85,1130,1020,24,,65,90,21
DiyDog,143,HELLO MY NAME IS VLADIMIR,35,142,8.1999999999999993,70,1076,1013,16,Y,65,75,21
DiyDog,144,BOURBON BABY,35,143,5.7999999999999998,35,1049,1005,22,N,65,90,19
DiyDog,145,AB:16,14,144,10.6,55,1090,1012,30,Y,65,75,21
DiyDog,146,COMET,35,145,7.2000000000000002,70,1067,1012,30,,65,75,19
DiyDog,147,HBC 366,35,146,7.2000000000000002,70,1067,1012,30,,65,75,19
DiyDog,148,KOHATU,35,147,7.2000000000000002,70,1067,1012,30,,65,75,19
DiyDog,149,HELLO MY NAME IS ZÉ (W/2CABEÇAS),35,148,6.4000000000000004,50,1061,1012,20,Y,65,75,19
DiyDog,150,ALPHA POP,35,149,4.5,30,1045,1011,25,N,65,75,19
DiyDog,151,JASMINE IPA,35,150,5.7999999999999998,40,1060,1014,35,Y,65,75,19
DiyDog,152,#MASHTAG 2014,16,151,9,50,1084,1015,20,Y,65,75,21
DiyDog,153,DOG C,35,152,15,90,1120,1003,100,Y,65,75,19
DiyDog,154,HELLO MY NAME IS PÄIVI,16,153,8.3000000000000007,70,1076,1013,30,Y,65,75,21
DiyDog,155,VOTE SEPP,12,154,3.6000000000000001,30,1036,1009,8,Y,65,75,21
DiyDog,156,MAGIC STONE DOG (W/MAGIC ROCK & STONE BREWING CO.),52,155,4.5999999999999996,30,1043,1008,15,N,65,75,23
DiyDog,157,RUSSIAN DOLL – BARLEY WINE,16,156,10,80,1097,1020,65,,65,90,21
DiyDog,158,SUB HOP,49,157,8,35,1077,1016,15,,65,75,9
DiyDog,159,U-BOAT (W/VICTORY BREWING),49,158,8.4000000000000004,50,1080,1015,200,,65,75,14
DiyDog,160,AMERICAN WHEAT,51,159,4.5,17,1047,1013,10,N,64,90,21
DiyDog,161,CAP DOG (W/CAP BREWERY),16,160,9,80,1083,1012,180,Y,65,75,21
DiyDog,162,RUSSIAN DOLL – DOUBLE IPA,35,161,8,85,1074,1013,35,,65,85,19
DiyDog,163,RUSSIAN DOLL – INDIA PALE ALE,35,162,6,70,1058,1012,25,N,65,75,19
DiyDog,164,RUSSIAN DOLL – PALE,35,163,4,35,1041,1010,45,N,65,75,19
DiyDog,165,THIS.IS.LAGER.,49,164,4.7000000000000002,37,1043,1007,10,N,65,75,12
DiyDog,166,INDIA PALE WEIZEN (W/WEIHENSTEPHAN),11,165,6.2000000000000002,50,1056,1010,35,N,65,75,21
DiyDog,167,AB:17,16,166,10.699999999999999,100,1105,1025,300,Y,65,75,21
DiyDog,168,KONNICHIWA KITSUNE,16,167,8.1999999999999993,70,1045,1012,30,,65,75,20
DiyDog,169,PROTOTYPE CHALLENGE – ALL DAY LONG,35,168,2.7000000000000002,30,1033,1012,42,N,65,30,22
DiyDog,170,PROTOTYPE CHALLENGE – HOP FICTION,35,169,5.2000000000000002,40,1048,1010,13,N,65,75,19
DiyDog,171,PROTOTYPE CHALLENGE – VAGABOND PALE ALE,35,170,4.5,55,1045,1011,20,N,65,75,19
DiyDog,172,BLACK EYED KING IMP – VIETNAMESE COFFEE EDITION,16,171,12.699999999999999,85,1113.5,1038,250,Y,65,50,18
DiyDog,173,SHAREHOLDER BREW – BOUNTY HUNTER,35,172,6.5,35,1068,1020,250,Y,65,75,19
DiyDog,174,RESTORATIVE BEVERAGE FOR INVALIDS AND CONVALESCENTS,16,173,8.5,100,1068,1003,15,,63,90,21
DiyDog,175,STEREO WOLF STOUT,35,174,5.2000000000000002,55,1052,1014,200,N,65,75,19
DiyDog,176,B-SIDES – SUNSHINE ON RYE,35,175,7.2000000000000002,0,0,0,14,y,999,999,20
DiyDog,177,*B-SIDES – BOWMAN’S BEARD,35,176,18.300000000000001,0,0,0,15,y,65,90,19
DiyDog,178,HELLO MY NAME IS LITTLE INGRID,35,177,4.4000000000000004,0,0,0,30,Y,65,75,19
DiyDog,179,IPA IS DEAD – CHINOOK,35,178,7.2000000000000002,0,0,0,12,,65,75,19
DiyDog,180,IPA IS DEAD – ELLA,35,179,7.2000000000000002,0,0,0,12,,65,75,19
DiyDog,181,IPA IS DEAD – MANDARINA BAVARIA,35,180,7.2000000000000002,0,0,0,12,,65,75,19
DiyDog,182,IPA IS DEAD – PIONEER,35,181,7.2000000000000002,0,0,0,12,,65,75,19
DiyDog,183,BORN TO DIE,16,182,8.5,0,0,0,15,,65,75,18
DiyDog,184,B-SIDES – MELON AND CUCUMBER IPA,35,183,6,0,0,0,8,Y,999,999,20
DiyDog,185,B-SIDES – SORACHI BITTER,35,184,6.2999999999999998,0,0,0,14,Y,999,999,20
DiyDog,186,B-SIDES – TRUFFLE AND CHOCOLATE STOUT,35,185,5.5999999999999996,0,0,0,54,Y,999,999,19
DiyDog,187,B-SIDES – HOPPY SAISON,18,186,6.4000000000000004,40,1059,1010,8,N,999,999,20
DiyDog,188,B-SIDES – WHISKY SOUR,16,187,7,0,0,0,12,Y,999,999,19
DiyDog,189,B-SIDES – SPICED CHERRY SOUR,35,188,6.5,0,0,0,0,Y,999,999,20
DiyDog,190,B-SIDES – DEAF MERMAID,35,189,5.2000000000000002,65,1048,1010,16,N,65,90,19
DiyDog,191,#MASHTAG 2015,16,190,10,0,0,0,130,Y,65,75,21
DiyDog,192,DOG D,16,191,16.100000000000001,0,0,0,400,Y,65,90,21
DiyDog,193,HINTERLAND,16,192,9,0,0,0,400,Y,65,75,21
DiyDog,194,PEACH THERAPY,19,193,9,0,0,0,12,Y,999,999,20
DiyDog,195,HELLO MY NAME IS HOLY MOOSE,35,194,5.5,0,0,0,25,Y,65,75,17
DiyDog,196,LIZARD BRIDE,35,195,5.7000000000000002,0,0,0,25,Y,65,75,17
DiyDog,197,B-SIDES – MANGO GOSE,35,196,6.4000000000000004,0,0,0,10,Y,999,999,20
DiyDog,198,CANDY KAISER,35,197,5.2000000000000002,0,0,0,45,N,65,75,14
DiyDog,199,PUMPKIN KING,16,198,5.4000000000000004,0,0,0,30,Y,65,75,19
DiyDog,200,B-SIDES – BABY SAISON,52,199,3.6000000000000001,9,1032,1004,2,N,999,999,21
DiyDog,201,B-SIDES – MORAG'S MOJITO,35,200,6.7000000000000002,0,0,0,15,Y,999,999,19
DiyDog,202,B-SIDES – ORANGE BLOSSOM,35,201,3.7999999999999998,0,0,0,6,Y,999,999,20
DiyDog,203,DOODLEBUG,35,202,2.5,35,1027,1008,10,N,65,75,19
DiyDog,204,NO LABEL,35,203,4.5,0,0,0,10,N,65,75,15
DiyDog,205,B-SIDES – RHUBARB SAISON,52,204,6.4000000000000004,0,0,0,10,Y,999,999,20
DiyDog,206,PROTOTYPE CHALLENGE – INDIA SESSION LAGER,49,205,4.4000000000000004,0,0,0,12,N,65,75,10
DiyDog,207,PROTOTYPE CHALLENGE – HOPPED-UP BROWN ALE,35,206,6.2999999999999998,85,1063,1015,24,N,65,75,19
DiyDog,208,ALBINO SQUID ASSASSIN,35,207,7.4000000000000004,0,0,0,60,,65,75,18
DiyDog,209,B-SIDES – BERLINER WEISSE WITH RASPBERRIES AND RHUBARB,35,208,3.6000000000000001,0,0,0,0,Y,999,999,21
DiyDog,210,ARCADE NATION,35,210,5.2999999999999998,60,1052,1012,200,N,65,75,19
DiyDog,211,ELVIS JUICE,35,211,6.5,0,0,0,25,Y,65,75,19
DiyDog,212,B-SIDES – BERLINER WEISSE WITH YUZU,35,212,4.2000000000000002,0,0,0,8,Y,999,999,21
DiyDog,213,*B-SIDES – CASCADE, CENTENNIAL & WILLAMETTE IPA,35,213,6.4000000000000004,65,1060,1011,14,N,999,999,19
DiyDog,214,*B-SIDES – SINGLE HOP ENIGMA IPA,35,215,5,10,1050,1011,10,N,999,999,19
DiyDog,215,JET BLACK HEART,35,216,4.7000000000000002,0,0,0,200,Y,65,75,19
DiyDog,216,ACE OF SIMCOE,35,217,4.5,40,1045,1011,18,N,65,75,19
DiyDog,217,SHIP WRECK,16,218,13.800000000000001,0,0,0,25,Y,65,75,21
DiyDog,218,MONK HAMMER,54,219,7.2000000000000002,0,0,0,15,,65,75,21
DiyDog,219,PROTOTYPE PILS 2.0,49,220,4.7000000000000002,0,0,0,25,N,65,75,12
DiyDog,220,BLITZ SERIES,35,221,3.2000000000000002,8,1032,1007,8,N,999,999,21
DiyDog,221,DOG E,16,222,16.100000000000001,0,0,0,500,Y,63,90,21
DiyDog,222,BARREL AGED HINTERLAND,16,223,9,0,0,0,400,Y,65,75,21
DiyDog,223,AB:20,16,224,14.199999999999999,0,0,0,67,,65,75,21
DiyDog,224,BARREL AGED ALBINO SQUID ASSASSIN,35,225,9.1999999999999993,0,0,0,60,Y,65,75,18
DiyDog,225,KINGPIN,49,226,4.7000000000000002,0,0,0,14,N,65,75,10
DiyDog,226,PARADOX ISLAY,16,227,13,0,0,0,300,,65,75,21
DiyDog,227,ACE OF CHINOOK,35,228,4.5,40,1045,1011,18,N,65,75,19
DiyDog,228,MASHTAG 2016,16,229,10.5,0,0,0,15,Y,65,75,21
DiyDog,229,NEON OVERLORD,16,230,7.5999999999999996,0,0,0,20,Y,65,75,21
DiyDog,230,BLACK HAMMER,16,231,7.2000000000000002,0,0,0,104,,65,75,21
DiyDog,231,ACE OF CITRA,35,232,4.5,40,1045,1011,18,N,65,75,19
DiyDog,232,CHILI HAMMER,16,233,7.2000000000000002,0,0,0,15,Y,65,75,21
DiyDog,233,ACE OF EQUINOX,35,234,4.5,40,1045,1011,18,N,65,75,19
DiyDog,234,RYE HAMMER,16,235,7.2000000000000002,0,0,0,17,,65,75,21
DiyDog,235,BREWDOG VS BEAVERTOWN,16,236,9.1999999999999993,0,0,0,79,Y,65,75,21
DiyDog,236,PROTOTYPE HELLES,49,237,4.9000000000000004,0,0,0,13,N,65,75,12
DiyDog,237,MANGO AND CHILI BARLEY WINE,16,238,12,0,0,0,20,Y,999,999,21
DiyDog,238,SCIENCE IPA,16,239,5,45,1050,1011,24,N,999,999,21
DiyDog,239,HONEY AND LEMON BLITZ,16,240,3.2000000000000002,0,0,0,8,Y,999,999,21
DiyDog,240,BLITZ SAISON,52,241,3.2000000000000002,8,1040,1007,7,Y,999,999,21
DiyDog,241,HELLO MY NAME IS INGRID,16,242,8.1999999999999993,0,0,0,30,,65,75,21
DiyDog,242,CREW BREW,16,243,8,0,0,0,28,,65,75,21
DiyDog,243,GIN BLITZ,35,244,3.2000000000000002,0,0,0,8,Y,999,999,21
DiyDog,244,AB:21,16,245,12,0,0,0,200,Y,65,75,19
DiyDog,245,BEATNIK,16,246,8,0,0,0,60,,65,75,19
DiyDog,246,CASINO RYE ALE,35,247,5.0999999999999996,40,1049,1009,25,N,65,75,21
DiyDog,247,SELF ASSEMBLY POPE,16,248,7.4000000000000004,0,0,0,200,,65,75,19
DiyDog,248,TWIN ATLANTIC,35,249,5,80,1048,1011,19,N,65,75,19
DiyDog,249,HOP SHOT,16,250,7,250,1065,1010,15,,65,75,21
DiyDog,250,RYE IPA,16,251,7.2000000000000002,100,1065,1010,8,,999,999,21
DiyDog,251,SORACHI ACE SESSION,15,252,4,25,1035,1005,15,Y,65,75,19
DiyDog,252,DORTMUNDER,28,253,4.9000000000000004,32,1049,1009,15,N,65,75,14
DiyDog,253,90 SHILLING,35,254,5.2999999999999998,35,1056,1010,40,N,54,75,19
DiyDog,254,KELLERBIER,28,255,4.5,25,1043,1011,17,N,56,75,10
DiyDog,255,TRIPEL,15,256,13,50,1110,1008,23,Y,,75,21
DiyDog,256,VERMONT IPA,35,257,6.9000000000000004,35,1066,1012,15,,65,75,19
DiyDog,257,SEMI SKIMMED OCCULTIST,16,258,8,70,1080,1014,160,Y,65,75,18
DiyDog,258,PARADOX RYE,16,259,13,100,1112,1015,300,Y,65,75,21
DiyDog,259,TROPIC THUNDER,16,260,7,25,1074,1020,170,Y,65,75,19
DiyDog,260,NEW ENGLAND IPA (W/CLOUDWATER),53,261,6.7999999999999998,45,1065,1012,17,,68,75,18
DiyDog,261,NITRO BREAKFAST STOUT,16,262,8,80,1092,1027,88,Y,65,75,21
DiyDog,262,VERMONT IPA V2.0,53,263,6.9000000000000004,35,1066,1012,15,,68,75,19
